9.970816334
2.377523464
2.711992536
9.057248375
3.233278902
9.113074053
9.869763213
2.453443464
1.311386235
7.638381532
7.033412295
4.741746332
8.802711141
9.57208457
2.000446594
3.163149938
6.068058428
2.256410166
7.407236698
1.508513835
0.616921057
3.403378423
6.603253529
7.906648328
8.571662081
1.969630404
0.886135124
0.756631112
0.344748106
5.067944176
5.231083452
1.104203026
3.662579345
8.648436613
9.653232903
0.99977157
2.118845388
5.966914431
4.043434142
2.961546309
7.323707633
8.703391489
4.41389274
8.314587097
4.330269071
0.720795261
7.187524305
5.519478589
4.935744113
7.518215229
1.810140214
8.148133666
1.810578953
9.477354933
6.365474959
8.412666484
9.752166804
3.80520996
6.81889646
5.139080546
1.414343638
6.559241326
4.62063836
8.205457985
7.730056179
3.028667088
2.679013566
3.737095685
2.896610342
0.482647349
8.936259499
1.714745908
5.369814042
7.208311356
9.289167737
1.200672467
4.162023207
7.808880317
6.935456989
5.448022852
4.551298374
3.564900001
9.333303312
3.963591046
5.637580678
4.834239039
6.253273712
4.263019447
0.576636209
1.606930385
6.716054109
3.391331795
0
6.103367432
5.821478299
0
8.018492148
2.567574415
6.431465935
5.71763405
